341360696 1869517 10624 11185 25975 23322 0 16023 57577 100508 61 62570 7222 354936 15416 24779 4432 3155 28289
2990324 46358536 337540 238406 91235 242463 0 18657 198995 780481 0 102680 6568 64469 3784 2069 196 10618 80319
34355 270802 194258520 1347513 1212581 1497798 152129 378871 2671139 27837 224720 305616 27258 222667 67639 45330 51799 15161 125096
16435 48525 230542 4333193 309287 38155 0 5735 83549 79751 58 8587 969 13842 1666 2455 450 339 6399
30737 95807 163218 298335 5318142 76805 78 80756 136156 46340 24 13165 1955 27348 479 6812 2657 10693 33743
35206 163075 888148 48788 101572 10264825 65708 97265 516561 36131 34992 73717 3692 65243 4744 12480 5517 8687 38033
0 15 109860 1 481 98212 1446206 13185 71154 0 4715 617 40 261 20 735 837 0 0
18524 3785 241947 7011 43986 89352 7732 5273408 115074 1412 4396 12838 787 23285 3884 2241 2772 2156 1952
42096 153627 3356703 273425 242998 808214 126814 155767 153438719 947420 367464 98276 23779 165996 24991 38194 23790 4052 58841
90136 263569 18641 59109 31918 48673 0 1050 599915 5562621 0 3770 693 15969 209 521 534 404 14826
7570 0 322642 187 18 71145 11528 7467 408815 0 30070201 276 2 811 5542 312 9394 0 0
122449 119503 384569 29564 45247 93500 874 23934 103568 5619 248 10891465 219894 93837 2504 4252 1742 23470 94098
6513 4589 34777 3222 1735 4547 393 1197 21229 1835 127 118726 1489780 18093 1903 1693 125 21111 161127
391664 107508 285203 42971 25507 103128 1067 23258 175130 21022 219 84765 26469 58469311 140139 56520 5380 28398 67841
7963 3865 22511 6914 6475 1011 219 2920 4393 315 653 2091 113 66454 2472002 9109 1563 0 422
17172 2550 20472 49 3467 7167 758 2071 15977 208 40 2357 2871 49355 13206 3342076 48426 1472 169
2194 553 9781 277 2207 5155 214 1448 3517 136 156 189 0 3983 0 13780 870974 766 34
3857 4811 9181 1035 4760 7481 0 102 3994 257 0 8208 19831 20855 181 4 1499 556449 47613
44119 88408 190394 19493 59435 83778 29 7340 57431 14043 0 100316 138620 82604 2160 859 13 41991 5742050
